ID	Ins.cells	TUNEL.Ins.cells	Ins.cells	Ki67.Ins.cells	Arx.cells	Ki67.Arx.cells	Nkx61.Arx.cells	Ins.Gcg.cells	beta.area	beta.mass
6200	NA	NA	4864	1.624177632	11695	3.403163745	NA	NA	5.797910716	0.24873037
6214	NA	NA	2958	1.656524679	92836	3.467404886	NA	NA	8.005162405	0.080051624
6164	NA	NA	2158	5.282669138	124412	2.757772562	NA	NA	3.047831183	0.090825369
6218	NA	NA	4615	0.195016251	84491	6.497733486	NA	NA	5.292598216	0.038635967
6222	NA	NA	3131	0.415202811	135402	1.183143528	NA	NA	3.916344139	0.225973057
6117	4260	X	6235	0.144346431	32536	1.281657241	NA	NA	4.941497577	0.266840869
6115	3961	X	5509	0.762388818	29931	8.195516354	NA	NA	2.272754838	0.088637439
6092	1525	X	2016	1.587301587	22168	2.016420065	NA	NA	1.250496292	0.066276303
6103	3983	X	4682	0.213583938	30322	1.761097553	NA	NA	0.756608889	0.07830902
6107	11600	X	10405	0.720807304	40609	2.068506981	NA	NA	0.578553088	0.09187423
6094	3710	X	3611	0	36013	1.046844195	NA	NA	0.487051549	0.103108813
6106	6996	X	8956	0.044662796	28213	0.524580867	NA	NA	2.471620789	0.403368513
6005	NA	NA	8405	0	82071	0.07798126	NA	NA	1.330917916	NA
6112	4954	X	9490	0.084299262	57910	2.477983077	NA	X	1.533863731	0.459852346
6007	NA	NA	17153	0.034979304	90400	0.901548673	NA	NA	1.087891366	NA
6278	NA	NA	9364	0.021358394	151147	0.31095556	NA	NA	2.067306388	0.694614947
6233	NA	NA	14249	0.112288582	150512	0.880992878	X	NA	2.345985656	1.42940906
6232	NA	NA	5453	0.201723822	117093	0.582443015	X	NA	1.989229359	0.982679303
6099	11089	X	6237.771857	0.016031365	19125	0.632679739	NA	X	2.768398072	2.36864139
6153	NA	NA	3109.021379	0.16082231	305741	0.306141473	NA	NA	1.400633175	0.948928976
6075	NA	NA	5138.450253	0.116766724	55627	1.373433764	NA	NA	1.000358954	0.473069749
6096	3836	X	6850.933788	0.01459655	28837	0.187259424	NA	X	0.62695696	0.322882834
6230	NA	NA	10429	0.278070764	153925	0.313139516	NA	NA	1.878811524	1.245088397
6271	NA	NA	11382	0	141608	0.83258008	NA	NA	1.016507436	0.996075636
6227	NA	NA	6155	0.016246954	111679	1.220462218	NA	NA	1.362207111	0.822773095
6098	9386	X	10230	0	26090	0.306630893	NA	NA	2.295557466	2.091252851
6279	NA	NA	8610	0.209059233	152562	0.186809297	NA	NA	1.069865228	0.857710953
6253	7768	X	10026	0.019948135	141608	0.83258008	NA	NA	1.296752072	1.105999842
6238	NA	NA	6636	0	125359	0.283186688	NA	NA	2.23142371	2.041752694
6234	NA	NA	16074	0.640786363	137432	0.541358636	NA	NA	2.744332491	0.545024433
6174	NA	NA	10078	0	152665	0.128385681	NA	NA	1.482172086	1.175362464
6024	NA	NA	5123	0	107713	0.023209826	NA	NA	1.38883968	NA
6179	NA	NA	8126	0.036918533	134468	6.617187732	NA	NA	0.877864509	0.635573905
6001	NA	NA	3523	0	179854	0.080620948	NA	NA	2.422694302	NA
6057	328	X	3005	0.299500832	19579	1.450533735	X	NA	1.787158696	1.865078815
6162	NA	NA	3715	0	58546	0.322823079	X	NA	0.904679372	0.737313688
6003	NA	NA	8390	0.011918951	127984	0.158613577	NA	NA	2.04676888	NA
6029	NA	NA	9197	0	151190	0.110457041	NA	NA	1.208310878	0.958190526
6131	NA	NA	9333	0.053573342	161174	0.183032003	NA	NA	1.439478583	1.567880073
6053	NA	NA	10034	0.279051226	36129	0.202053752	NA	NA	1.133373715	NA
6126	NA	NA	4399	0.022732439	49037	1.619185513	NA	NA	0.812797705	0.651863759
6058	NA	NA	2799	0	27936	0.608533792	NA	NA	1.950258327	1.027396086
6235	10065	X	8195	0.0976205	305731	0.700942986	NA	NA	1.28840509	1.318167247
6048	NA	NA	6208	0	75252	0.252484984	NA	NA	1.165704938	1.620329863
6030	4881	X	5140	0	114752	0.431365031	NA	NA	0.935472818	0.900860324
6229	NA	NA	14914	0.006705109	187708	0.108679438	NA	NA	2.18294274	0.995421889
6034	NA	NA	4099	0	143303	0.127701444	NA	NA	1.513900413	1.141480912
6004	NA	NA	4268	0	65335	0.286217188	NA	NA	1.337170812	NA
6002	NA	NA	3850	0.051948052	148120	0.228868485	NA	X	1.859624746	NA
6015	6727	X	7442	0.013437248	40417	0.173194448	X	X	1.523229739	NA
6009	NA	NA	5487	0.054674686	28844	0.360560255	NA	X	0.537442261	NA
6011	NA	NA	2456	0	68539	0.795167715	NA	NA	1.169300848	NA
6010	4861	X	5160	0	26396	0.28413396	NA	NA	1.472231293	NA
6008	4441	X	4418	0.022634676	66420	1.184884071	NA	X	0.518297829	NA
6168	NA	NA	5473	0.054814544	89118	0.153728764	NA	NA	1.194416146	1.060163771
6017	NA	NA	7810	0	79712	0.220794862	NA	NA	1.555035265	NA
6020	NA	NA	4882	0	130698	0.361903013	NA	NA	2.749961324	NA
6016	NA	NA	3445	0	204814	0.063960471	NA	NA	1.632429053	NA
6013	NA	NA	8800	0	140356	0.379036165	NA	NA	1.663297459	NA
6063	0	X	0	0	132903	0.12716041	NA	NA	0	0
6209	NA	NA	538	0	112583	0.365952231	NA	NA	0.343858954	0.042982369
6062	1	X	0	0	76855	0.396851213	NA	X	0	0
6265	NA	NA	7	0	79142	1.478355361	NA	NA	0	0
6052	1543	X	750	1.333333333	164862	0.508303915	NA	X	0.32	0.07072
6264	NA	NA	28	0	211394	0.655174697	NA	NA	0.025329007	0.005154453
6268	NA	NA	7	0	200261	0.518822936	NA	NA	0	0
6228	NA	NA	4328	0.231053604	405667	1.007723083	X	NA	0.553498739	0.167986867
6243	NA	NA	374	0	147239	0.649284497	NA	NA	0.111391803	0.032693494
6113	NA	NA	209	0.4784689	93499	0.20962791	NA	NA	0.085418735	0.028615276
6084	1104	X	749	0.667556742	124602	0.305773583	NA	NA	0.217440377	NA
6089	0	X	0	0	27049	0.846611705	NA	NA	0	0
6049	NA	NA	809	0	112745	0.305113309	NA	NA	0.140729498	0.022235261
6083	NA	NA	0	0	43887	0.460272974	NA	NA	0	0
6207	NA	NA	73	0	231194	0.881510766	NA	NA	0.017947635	0.005958615
6261	NA	NA	46	0	226935	0.53010774	NA	NA	0.02703786	NA
6148	NA	NA	250	0	184265	0.084660679	NA	NA	0.098951726	0.026083675
6087	0	X	0	0	115544	0.123762376	NA	NA	0	0
6145	NA	NA	0	0	86870	0.048348106	NA	NA	0	0
6237	NA	NA	34	0	534210	0.555961139	NA	NA	0.008718071	0.002834245
6195	NA	NA	0	0	70968	0.095817833	NA	NA	0	0
6161	NA	NA	766	0	95585	0.708270126	NA	NA	0	0
6064	0	X	0	0	18900	0.767195767	NA	NA	0	0
6212	NA	NA	148	0	528940	0.309486898	NA	NA	0.045117671	0.019626187
6224	NA	NA	2	0	350662	0.75	NA	NA	0	0
6198	NA	NA	9	0	134825	0.61	NA	NA	0.007242621	NA
6245	NA	NA	2600	0.038461538	363326	0.79	X	NA	0.603107389	0.190461313
6026	0	X	0	0	35301	0.12	NA	NA	0	0
6070	4071	X	4591	0.021781747	104927	0.11	NA	NA	0.159427059	0.06233598
6069	2057	X	1302	0.076804916	9024	0.38	X	NA	1.722752474	0.959573128
6025	NA	NA	0	0	60693	1.71	NA	NA	0	NA
6211	NA	NA	0	0	359180	0.74	NA	NA	0	0
6247	NA	NA	80	0	180725	0.19	NA	NA	0.026975271	0.016123119
6196	NA	NA	581	0	238224	0.47	NA	NA	0.297414244	0.083841075
6041	NA	NA	8	0	38392	0.35	NA	X	0	0
6039	NA	NA	0	0	28234	0.47	NA	NA	0	0
6088	NA	NA	13	0	103595	0.06	NA	NA	0.032589585	0.010428667
6081	1047	X	833	0	50480	0.57	NA	NA	0.272740028	0.170271599
6035	NA	NA	2	0	23641	0.16	NA	NA	0	0
6054	NA	NA	0	0	22310	0.88	NA	NA	0	0
6038	NA	NA	9092	0	57272	0.17	X	NA	0.722321574	0.285317022
6031	NA	NA	0	0	86595	0.18	NA	NA	0	0
6150	NA	NA	0	0	30256	0.37347964	NA	NA	0.045086041	0.012236352
6135	NA	NA	0	0	83847	0.567700693	NA	NA	0.384808306	0.120791327
6036	NA	NA	0	0	21195	1.009672092	NA	NA	0	0
6138	NA	NA	5	0	52404	1.400656438	NA	NA	0	0
6040	NA	NA	12	0	18239	0.679861835	NA	X	0	0
