ID	InsNeg.CD45.cells.periislet	InsPos.CD45.cells.periislet	InsNeg.CD45.cells.intraislet	InsPos.CD45.cells.intraislet	InsNeg.CD45.cells	InsPos.CD45.cells	InsNeg.total.islets	InsPos.total.islets	InsNeg.insulitis.islets	InsPos.insulitis.islets	InsNeg.CD45.cells.periislet_SD	InsPos.CD45.cells.periislet_SD	InsNeg.CD45.cells.intraislet_SD	InsPos.CD45.cells.intraislet_SD	InsNeg.CD45.cells_SD	InsPos.CD45.cells_SD	CD45.cells.periislet	CD45.cells.intraislet	CD45.cells	InsPos.CD45.prct	InsNeg.CD45.prct	CD45.prct	insulitis.islets
6034	NA	1.19	NA	0.9	NA	2.1	0	305	NA	0	NA	1.37	NA	1.49	NA	2.3	NA	NA	NA	0	NA	0	0
6039	2.03	11.11	1.35	5.05	3.38	16.16	34	19	1	9	3.08	7.99	1.59	5.81	4.26	13.11	NA	NA	NA	47.3684210526316	2.94117647058824	18.8679245283019	10
6045	2.42	NA	1.73	NA	4.9	NA	105	0	5	NA	2.72	NA	2.55	NA	9.47	NA	NA	NA	NA	NA	4.76190476190476	4.76190476190476	5
6046	2.13	4.23	1.45	3.25	3.58	7.48	144	48	2	7	2.19	3.5	3.32	3.76	4.72	5.82	NA	NA	NA	14.5833333333333	1.38888888888889	4.6875	9
6049	8.21	NA	3.52	NA	11.73	NA	145	0	39	NA	11.12	NA	5.39	NA	14.63	NA	NA	NA	NA	NA	26.8965517241379	26.8965517241379	39
6052	2.21	31.56	0.66	22	2.87	53.56	105	9	1	7	3.22	24.69	1.05	38.45	3.6	53.48	NA	NA	NA	77.7777777777778	0.952380952380952	7.01754385964912	8
6070	3.39	11.95	1.71	9.27	5.1	21.22	111	41	3	18	4.64	12.69	2.4	14.51	5.93	24.55	NA	NA	NA	43.9024390243902	2.7027027027027	13.8157894736842	21
6087	3.51	NA	1.96	NA	5.48	NA	101	0	5	NA	4.04	NA	3.25	NA	5.67	NA	NA	NA	NA	NA	4.95049504950495	4.95049504950495	5
6089	3.52	NA	1.65	NA	5.16	NA	99	0	4	NA	2.78	NA	2.47	NA	4.43	NA	NA	NA	NA	NA	4.04040404040404	4.04040404040404	4
6113	0.98	4.31	0.53	5.38	1.51	9.69	247	16	0	3	1.27	3.55	1.39	8.55	2	10.56	NA	NA	NA	18.75	0	1.14068441064639	3
6123	NA	2.65	NA	1.53	NA	4.18	0	66	NA	1	NA	2.06	NA	1.88	NA	3.29	NA	NA	NA	1.51515151515152	NA	1.51515151515152	1
6134	NA	3.42	NA	7.01	NA	10.43	0	67	NA	13	NA	2.25	NA	10.73	NA	11.07	NA	NA	NA	19.4029850746269	NA	19.4029850746269	13
6158	NA	2.32	NA	2.19	NA	4.5	0	199	NA	6	NA	2.02	NA	3.16	NA	4.05	NA	NA	NA	3.01507537688442	NA	3.01507537688442	6
6160	NA	1.07	NA	0.93	NA	2	0	306	NA	4	NA	1.31	NA	2.15	NA	2.97	NA	NA	NA	1.30718954248366	NA	1.30718954248366	4
6162	NA	2.95	NA	3.66	NA	6.61	0	64	NA	7	NA	2.72	NA	5.14	NA	7.24	NA	NA	NA	10.9375	NA	10.9375	7
6167	NA	4.71	NA	5.58	NA	10.29	0	65	NA	11	NA	2.49	NA	7.15	NA	8.6	NA	NA	NA	16.9230769230769	NA	16.9230769230769	11
6171	NA	4.35	NA	1.42	NA	5.77	0	57	NA	3	NA	3.06	NA	2.16	NA	4.22	NA	NA	NA	5.26315789473684	NA	5.26315789473684	3
6172	NA	1.07	NA	1.49	NA	2.56	0	206	NA	1	NA	1.36	NA	2.86	NA	3.42	NA	NA	NA	0.485436893203883	NA	0.485436893203883	1
6178	NA	2.76	NA	1.27	NA	4.02	0	49	NA	0	NA	2.6	NA	1.69	NA	3.51	NA	NA	NA	0	NA	0	0
6179	NA	3.68	NA	1.53	NA	5.21	0	224	NA	18	NA	3.29	NA	2.72	NA	5.03	NA	NA	NA	8.03571428571429	NA	8.03571428571429	18
6197	NA	3.37	NA	2.87	NA	6.25	0	230	NA	18	NA	3.02	NA	3.26	NA	5.49	NA	NA	NA	7.82608695652174	NA	7.82608695652174	18
6209	3.03	12.56	0.94	5.18	3.96	17.73	190	45	10	15	5.4	16.59	2.61	7.99	6.46	23	NA	NA	NA	33.3333333333333	5.26315789473684	10.6382978723404	25
6224	1.25	2.13	0.87	1.25	2.11	3.38	142	16	1	0	2.36	1.26	1.52	1.13	3.05	2.03	NA	NA	NA	0	0.704225352112676	0.632911392405063	1
6230	NA	0.86	NA	0.4	NA	1.06	0	577	NA	1	NA	1.21	NA	1.06	NA	1.53	NA	NA	NA	0.173310225303293	NA	0.173310225303293	1
6243	2.73	7.06	0.87	4.78	3.6	11.84	114	88	1	30	2.41	5.28	1.7	5.9	3.28	9.86	NA	NA	NA	34.0909090909091	0.87719298245614	15.3465346534653	31
