ID	HLA.A1	HLA.A2	HLA.A3	HLA.A4	HLA.A5	HLA.A6	HLA.A7	HLA.A8	HLA.B1	HLA.B2	HLA.B3	HLA.B4	HLA.B5	HLA.B6	HLA.C1	HLA.C2	HLA.C3	HLA.C4	HLA.C5	HLA.C6	HLA.C7	HLA.F1	HLA.F2	HLA.F3	HLA.F4	HLA.F5	HLA.F6	HLA.F7	B2M	NLRC5	STAT1	IHC.score	ICI.score
6013	55.7	195.3	195.3	130.3	70.7	638.7	67	235.4	21.2	170	163	289.9	147.8	132.2	208.4	204.9	160.9	272.3	95.7	189.3	143.1	72.9	52.5	62.7	62.7	90.2	62.7	8.7	463.4	31.4	122.8	0	3
6024	58.4	178.5	178.5	97.6	70.7	426.8	99.2	167.6	32.2	223.2	146	163.7	146.6	113.8	176	217.6	135.8	121.1	45.2	165.6	133.4	48	57.5	48.1	48.1	74.5	48.1	8.7	284.5	22.7	182.6	0	3
6075	76.5	231.3	231.3	195.6	104.5	954.5	91.9	175.4	20.6	142.3	278.1	275.6	288	227.8	311.4	371.7	243.4	230.3	94.4	285	211.3	79.3	82.2	80	80	104.8	80	11.9	476.3	31.6	255.7	0	3
6012	50	195.2	195.2	208.8	94.3	950.3	98.5	140.2	47	205.5	217.3	246.2	246.5	189.5	192.8	219.7	156.5	212.9	79.6	187.1	147.7	67.9	71.2	66.9	66.9	80.9	66.9	9.7	376.6	33.9	249.7	0	3
6099	69.7	193.8	193.8	181.1	77.7	819.4	74.4	161.7	35.9	165.9	200.8	188.5	232.8	170.3	185	199.6	175.1	269.8	87.7	209.6	159.4	59.6	57	61.1	61.1	63.2	61.1	9.3	415.3	31.5	227	0	3
6102	87.8	244.4	244.4	188.6	105.9	850.8	96.6	275.8	24.5	181.5	240.9	290	235.7	193	296.2	371.1	231.2	313.5	73.6	263.3	195.4	61.3	56.1	54.7	54.7	80.1	54.7	7.1	428.6	31.5	193.9	0	3
6140	214.3	319.1	319.1	222.6	93.3	1123.7	100.2	202.8	38.5	180.1	275.5	313.9	331.1	243.4	227.7	284.6	239.5	357.7	131.5	292.6	212.4	65	70.8	63.3	63.3	83.4	63.3	6.5	553.6	23.8	217.1	1	3
6019	132.9	281.8	281.8	159.7	76.7	817.8	81.3	162.1	37.6	194.1	150.1	220.1	216.5	124.5	211.7	257.9	144.4	270.4	93.4	166.9	132.3	43.8	50.8	45	45	83.7	45	5.9	347.7	25.7	270	1	3
6228	106.1	263.5	263.5	275.6	116.8	1144.7	127.7	166.5	45.9	166.9	352.5	223.2	368.6	306.9	274.3	331	260.1	320.9	133.2	308.8	213.4	67.7	62.6	69.7	69.7	92	69.7	8.6	563.4	22.6	249.9	2	2.5
6209	41.6	209.9	209.9	178	85.4	865.9	65.3	129.4	77.7	240.2	325.1	309	368.3	241.6	271.9	329.8	214	290.7	68.1	240.8	185	65.7	65	71.6	71.6	103.8	71.6	11.1	412.6	31.3	385.6	2	1
6052	95.7	269.2	269.2	259.5	112.5	1324.7	119	172.3	38.8	137.7	314.7	237.1	323.9	266.6	270.2	291.3	285.7	402.1	113.4	318.1	241.3	75.2	85.8	77.1	77.1	101	77.1	7.6	609	28.7	266.8	2	0
6113	93.6	209.9	209.9	200.5	87.6	934.9	80.8	171	26	298.9	168.5	259.9	198.1	148.3	273.8	430.4	177.7	335.8	62.2	258.2	173.9	42.7	58.3	55.9	55.9	83.4	55.9	7.2	462.3	31.4	87.9	2	1
6211	93.5	334.3	334.3	269.4	124	1321.2	112.2	220.6	41.4	201.8	329.3	282.4	376.6	270.5	268.8	291.6	272.4	465.1	129.5	324.4	237.4	54.2	69.6	66.6	66.6	85.2	66.6	13.1	472.7	30.7	199.9	2	3
6084	44.8	102.5	102.5	93.9	48.5	344.9	49.6	87.6	20.3	176.6	132.5	228.6	172.1	116.4	173.8	204	113.9	193.9	77.6	144.3	102.2	50	56	45.4	45.4	64.6	45.4	15	210.6	35.3	109.6	2	0
6243	87.2	311.7	311.7	247	98.3	1413.3	99.2	216.7	31.9	253.5	278.8	341.6	295.9	229.7	309.6	383.3	194.4	305.9	56.9	237.2	180.5	55.4	59.4	61.8	61.8	84.1	61.8	10	581.4	30.5	215.9	2	3
6195	167	266	266	169.8	88.3	711.7	104.6	232.8	26.9	150.9	159.8	297.1	178.6	134.7	259.4	292.2	168.8	257.3	112.4	201.2	150.2	70.4	66.7	66.8	66.8	88.5	66.8	7.5	607.2	27.3	220.2	2	0
6088	76.7	172.5	172.5	193	88.5	922.3	94	161.6	20.8	189.2	220.7	272.5	249.3	171.7	195.7	218.8	189.8	235.3	85.4	224	163.8	66.3	66.7	62.8	62.8	78.7	62.8	7.5	485.7	26.9	224.2	2	0
6070	88.1	231.8	231.8	271.5	95.9	1145.6	112.7	203	48.3	150.4	193.2	321.3	246.3	159.2	234.3	274.3	202.2	302.5	114.9	246.4	189.7	61.1	63	66.5	66.5	102.7	66.5	7.4	347.3	39.7	160.7	2	2
6069	97.8	233.6	233.6	268.6	97.9	1320.8	121.6	223	31.9	192	217.8	192.9	232.8	183	246.7	291.7	169.2	297.5	76.8	203.3	161.4	60.7	60.2	60.6	60.6	79.7	60.6	8.4	523.2	28.8	181.2	0	3
6046	97.5	242.5	242.5	214.4	89.3	1008.6	98.8	174.9	23.3	195.9	238.7	278.6	260.3	198.7	285.3	321.6	185.9	298.2	100.9	222.8	164.7	65	64.4	66.3	66.3	89.8	66.3	11.6	458.1	28.3	216.3	2	3
6180	95.8	294.1	294.1	247.7	104.7	1484.5	102.2	246.6	52.6	218.6	279.8	300.1	315.1	235	323.3	375.5	226.4	387.8	123.4	294	197.5	61.7	67.6	68.4	68.4	104.5	68.4	7.4	723.4	26.3	254.8	2	0
6038	119.6	279	279	214.6	95.2	1060.6	125.6	210.6	34.2	199.4	225.5	219	241.3	185.8	213.9	243.3	216.1	400.6	119.1	263.3	204.6	56.7	56.5	61.8	61.8	85.4	61.8	15.9	463.6	41.6	154.8	1	2
