ID	Bcell.PBMC.PC	Bcell.Spleen.PC	Bcell.iLN.PC	Bcell.pLN.PC	CD4Tcell.Intraislet.PC	CD8Tcell.Intraislet.PC	CD8Tcell.PBMC.PC	CD8Tcell.Spleen.PC	CD8Tcell.iLN.PC	CD8Tcell.pLN.PC	Tconv.PBMC.PC	Tconv.Spleen.PC	Tconv.iLN.PC	Tconv.pLN.PC	Treg.PBMC.PC	Treg.Spleen.PC	Treg.iLN.PC	Treg.pLN.PC
6161	NA	0.047453661	NA	0.042879451	NA	NA	NA	0.160378814	NA	0.121562429	NA	0.045943305	NA	0.035631519	NA	0.049175259	NA	0.089411005
6174	NA	NA	NA	NA	NA	NA	NA	NA	NA	0.147499099	NA	NA	NA	NA	NA	NA	NA	0.039402656
6193	NA	NA	NA	NA	NA	NA	NA	NA	NA	0.056582645	NA	NA	NA	0.041918416	NA	NA	NA	0.029734403
6195	NA	NA	NA	NA	NA	NA	NA	NA	NA	0.036384966	NA	NA	NA	NA	NA	NA	NA	NA
6196	NA	NA	NA	NA	NA	NA	NA	NA	NA	NA	NA	NA	0.033392835	NA	NA	NA	0.042774819	NA
6197	NA	NA	NA	NA	NA	NA	NA	NA	NA	NA	NA	NA	NA	0.025518334	NA	NA	NA	NA
6207	NA	NA	NA	NA	NA	NA	NA	0.170298338	0.157841593	0.112366267	NA	0.040394779	0.024041587	0.022582289	NA	0.051436335	0.028407156	0.027214052
6208	NA	NA	NA	NA	NA	NA	NA	0.146745622	NA	NA	NA	0.041605614	NA	0.026304945	NA	0.059283692	NA	0.037998959
6211	NA	NA	NA	NA	NA	NA	NA	NA	NA	0.109358072	NA	0.042774316	NA	0.032413729	NA	0.033777259	NA	0.034461692
6212	NA	NA	NA	NA	NA	NA	0.081545748	0.178059042	NA	0.063224956	0.053772476	0.033184018	NA	0.024209464	NA	0.041793097	NA	0.028249837
6220	NA	NA	NA	NA	NA	NA	NA	NA	0.080557883	NA	NA	NA	0.030029103	NA	NA	0.042575579	0.035295322	0.032769561
6242	NA	NA	NA	NA	NA	NA	NA	0.335602194	NA	0.232244432	NA	0.050649311	NA	0.037757348	NA	0.061152481	NA	0.035685152
6243	NA	0.128939912	NA	0.053986684	NA	NA	NA	0.104587302	NA	0.042363264	NA	0.03649655	NA	0.033538695	NA	0.049254272	NA	0.046270058
6249	NA	NA	NA	NA	NA	NA	0.401518941	0.555164337	NA	0.187497184	0.061618879	0.144170165	NA	0.060975179	NA	NA	NA	0.05858852
6254	NA	NA	NA	NA	NA	NA	NA	0.262794942	NA	0.083114646	NA	0.051489603	NA	0.028032677	NA	0.067144997	NA	0.031386152
6262	NA	NA	NA	NA	NA	NA	0.052377656	0.046750173	NA	0.07119631	0.047313046	0.042248622	NA	0.047787067	NA	0.077213608	NA	0.051464513
6263	NA	NA	NA	0.056229074	NA	NA	NA	0.382948607	NA	0.132779405	NA	0.201173127	NA	0.049655296	NA	0.107702143	NA	0.056133587
6264	NA	0.065429375	NA	0.052994233	NA	NA	NA	0.152750731	NA	0.050015777	NA	0.056136902	NA	0.069288008	NA	NA	NA	0.054007281
6265	NA	0.106614396	NA	0.077252597	NA	NA	NA	0.128605366	NA	0.049671844	NA	0.063414812	NA	0.234602049	NA	0.054701731	NA	0.038780786
6266	0.045514382	0.073794566	NA	0.129841402	NA	NA	0.202984661	0.229414225	NA	0.071174271	0.053986873	0.036331687	NA	0.032512717	0.064373136	0.077461474	NA	0.039504658
6271	NA	0.062367421	0.05868363	0.042016055	NA	NA	NA	0.271354645	0.148754179	0.064975344	NA	0.04740575	0.039455011	0.026067534	NA	0.06213586	0.029909305	0.042896829
6273	NA	0.029652886	0.035991263	0.032928199	NA	NA	NA	0.316538244	0.063720867	0.103490606	NA	0.116641678	0.040513508	0.040617522	NA	0.075358242	0.051628433	0.037324432
6274	NA	0.115734234	NA	0.0791905	NA	NA	NA	0.265784413	NA	0.100544989	NA	0.084812611	NA	0.042638913	NA	NA	NA	0.050816391
6275	NA	NA	0.076955624	0.052744929	NA	NA	NA	0.284932673	0.098643884	0.163558096	NA	0.117216118	0.040958609	0.042450771	NA	NA	0.043221649	0.036325321
6278	NA	NA	0.059993416	0.052217368	NA	NA	NA	0.091890268	0.04203074	0.08993414	NA	0.05915302	0.043494061	0.046435002	NA	0.074310988	NA	0.049454585
6279	NA	0.046484984	0.060830604	0.04424921	NA	NA	NA	0.274495065	0.149835378	0.12373253	NA	0.072372474	0.04782429	0.049236316	NA	0.071252905	0.0533063	0.038811583
6282	NA	NA	NA	NA	NA	NA	NA	NA	NA	NA	NA	NA	NA	0.03365713	NA	NA	NA	NA
6284	0.06414172	0.043136906	NA	0.067099512	NA	NA	0.173414767	0.184948727	NA	0.082819804	0.05314479	0.076644942	NA	0.038790975	NA	0.097900793	NA	0.047756825
6285	NA	0.050019778	NA	0.051162902	NA	NA	NA	0.283134788	NA	0.163862109	NA	0.086401686	NA	0.040935058	NA	0.08789441	NA	0.035858095
6287	NA	0.048167892	NA	0.063879669	NA	NA	NA	0.312960505	NA	0.149110615	NA	0.044430107	NA	0.038636349	NA	0.056893449	NA	0.102753647
6288	NA	0.073482454	NA	0.045135677	NA	NA	NA	0.29720673	NA	0.147176623	NA	0.036991063	NA	0.034145113	NA	0.088288926	NA	0.064174384
6289	NA	0.097164489	0.060672756	0.078212522	NA	NA	NA	0.181763396	0.095916346	0.048519891	NA	0.072286904	0.058292136	0.029791068	NA	0.065893166	0.090353455	0.07285884
6323	NA	NA	NA	NA	0.469790429	0.477783382	0.074555531	0.085939638	NA	0.042689998	0.001744873	0.002286978	NA	0.00228059	0.001440701	0.010421819	NA	0.002588999
